ra dec u g r i z
10.0792309539588 1.05410629864829 19.80557 19.07243 18.96318 18.63261 18.71358
9.67946480065007 0.581059933100146 17.74734 16.4498 15.85848 15.52075 15.25987
10.0466962469296 0.905013010598113 21.47542 18.93695 17.48529 16.48045 15.94561
9.67805190789801 0.978063092604916 19.82045 18.17598 17.27152 16.82992 16.47521
10.001526644975 0.989081016611435 20.94188 18.52371 17.45651 17.02363 16.76776
10.0777061349142 0.725711701258196 21.85427 19.24766 17.7151 16.26826 15.51393
10.0772202726764 0.829207848690895 19.54776 17.85468 16.861 16.33377 15.94939
9.55662739034665 0.958844560944162 25.03044 22.24144 20.88052 20.55752 20.3038
9.65711148520987 0.765812061927368 18.87257 17.90546 17.59327 17.37518 17.22455
9.98136962315039 0.881575910843513 21.69844 20.37264 19.33685 18.99923 18.58068
9.54008426187528 0.959015276155875 23.70833 20.92428 19.45429 17.81694 16.829
9.60205183357732 0.582456595042849 19.41215 18.1229 17.42377 17.02205 16.71044
9.9785949605162 0.633973132135946 20.50526 19.76298 19.02663 18.71569 18.29466
9.92809488353549 0.627803319913435 19.96299 18.11505 16.97595 16.50987 16.12702
9.63707753795836 0.601805919859364 20.73203 18.24676 17.02157 16.49905 16.17841
9.69056643962546 0.755271229226288 24.29986 22.66226 20.6659 19.6947 19.21622
9.51477519329501 0.959043212048415 21.74566 21.07469 20.04462 19.41217 19.08636
9.61845176863721 0.776472925297956 20.25342 18.93124 18.29384 17.98344 17.79498
9.6564813016679 1.0937564496238 22.60104 21.99192 20.28584 19.33272 18.8477
9.84602259208566 0.592960713848399 19.51022 19.03565 19.12146 19.18838 19.12672
9.86428684229807 0.720839309701538 23.22432 21.24871 19.70633 18.25559 17.41176
9.8716679740179 0.609864377500405 18.94749 18.94014 18.76177 18.93954 18.98092
10.0315295649857 0.607030506491425 19.4548 17.0782 15.94074 15.50792 15.26429
9.58806459925745 1.1314497831472 20.80091 19.18027 17.83714 17.33448 16.96271
9.71323224034862 0.714462822232334 20.39685 18.42277 17.37318 16.84696 16.43039
9.97439594087331 0.986306344313058 21.88963 19.67065 18.35802 17.73614 17.36986
9.70735084670682 0.773349526573342 20.97201 18.68302 17.81904 17.37067 17.01577
9.75854525459033 0.577393856013417 18.97672 17.3353 16.69562 16.47812 16.35851
10.1004964143571 1.15670540586993 19.78674 18.66197 18.16735 17.83388 17.59916
10.1488025235648 0.587373869954589 22.54716 23.22227 20.77487 19.37808 18.71176
9.55680873345267 0.736377812973969 23.63101 21.23138 19.74105 18.20104 17.36979
9.7467217544322 0.914152309678496 20.21996 19.92683 19.77467 19.43372 19.09739
9.95596167325925 0.888326533889393 19.50949 18.32936 18.54495 18.71356 18.83015
9.99376326422203 1.15787464472544 22.45245 21.76601 21.32321 21.27179 20.6509
9.83562559111098 0.661893482167595 22.28212 21.2979 20.3606 19.68287 19.4348
9.72772877450916 0.933680046576741 20.88103 19.34986 18.65591 18.393 18.26643
9.55775016635062 1.0551226351436 18.50644 17.50454 17.20559 16.92369 16.82989
9.53858716352659 0.631670689192879 19.76374 18.65913 18.07913 17.72518 17.5407
9.58756405327259 0.792886411057256 19.94983 19.0014 18.75388 18.65545 18.57468
9.72007657976383 1.15754950974042 23.40797 20.70388 18.89924 18.21816 17.74745
9.6805818957597 0.557438931040963 19.45301 17.42938 16.49774 16.0694 15.71846
10.1394307583399 0.819016801497078 20.47469 18.44321 17.17254 16.69107 16.32744
10.1479803583983 0.574160768484947 17.92599 16.90533 16.5934 16.47016 16.44276
9.71623109334155 0.654204508728077 18.9905 17.63057 17.25237 17.10927 17.06753
9.76382627746835 1.16657850454454 21.30337 19.65976 19.03142 18.85248 18.70341
9.5581161436516 1.11317540538415 22.58669 20.86532 19.25744 18.63558 18.26579
9.49845700665549 1.21066907747628 22.17371 19.60995 18.14819 16.69761 15.85204
10.0041615062208 0.558540297245872 20.82804 19.98572 19.57619 19.14771 19.04031
9.61342061286445 0.564333193166807 19.71248 18.88683 18.52194 18.22072 18.18965
10.0946389953704 0.789299368096996 22.74615 19.84799 18.44519 17.64167 17.26611
9.5573221412975 1.01733795247669 20.72031 19.32344 18.79933 18.68433 18.63066
9.66342407533082 0.769467518917798 21.99623 19.6382 18.32809 17.66253 17.251
9.97847333351228 0.925403097543988 21.08156 18.38997 17.01971 16.35805 15.99225
9.72662154538136 1.12350026224989 21.56277 19.13864 17.94194 17.39621 17.06021
9.87442390961087 0.640525382932243 23.32474 23.13577 22.50962 23.22936 23.37973
10.0245400418839 1.17472787157442 22.0138 21.19021 20.21557 19.01437 18.79128
9.89996260666885 0.85684864984062 21.46701 21.74071 21.0737 21.08692 21.56918
10.101535932524 1.01467003377706 21.81071 21.0079 20.80502 20.7525 20.77616
9.7799927295417 0.775268663587294 19.35735 18.36353 17.95059 17.80398 17.7452
9.89760681153166 0.851470021592911 22.98979 20.99517 19.89779 18.82003 18.26491
9.69688897313227 0.572142197034862 22.9356 21.91595 20.37401 19.62768 19.18269
9.5061911494289 0.975553050576748 26.23287 22.20877 20.36133 19.44734 19.0813
9.81005239015769 1.05769187987771 22.88314 20.81057 19.33023 17.87501 17.0948
9.91630593640139 0.788641678101364 17.85712 15.93812 15.22357 14.99616 14.86745
9.63570213565274 0.807480077641886 24.03252 23.61182 20.86626 19.91014 19.36835
9.67009891162655 0.826056979976365 23.68804 20.65506 18.98648 18.35417 18.01189
9.85494750563043 0.55680418243556 22.26212 20.38658 18.97681 17.6605 16.93851
9.82803522801635 0.67163225621554 22.30785 20.2143 18.81827 17.48738 16.75628
9.68737597940481 0.985479824201716 26.11032 22.40654 20.76949 19.75614 19.22296
10.0921356704486 1.16950562383211 23.64956 22.99569 20.66467 19.62156 19.24183
9.70164121289864 0.705532799001984 22.94161 20.45519 18.73349 18.09749 17.89441
10.1225235574822 0.744500712108942 21.90661 19.38123 18.07312 17.44278 17.09047
9.75102448455053 0.700323838245865 18.60522 17.68015 17.42669 17.3608 17.33352
9.63248301633331 0.91802775712068 23.53428 20.86658 19.5107 18.35619 17.71567
9.77082730502991 1.1721990524913 22.03058 19.77174 18.52457 17.96533 17.68188
9.89984496573217 0.75338682475695 22.8606 21.44952 19.88478 19.24436 18.82148
9.89567937370347 0.821235987435705 18.73664 16.43359 15.40407 14.98025 14.71223
10.0081453728503 0.659341878416441 21.03129 18.45532 17.36146 16.9414 16.68612
9.80027726959429 0.684485299280858 20.84545 20.35175 19.56488 19.40898 18.90075
10.0668958804257 0.795793103325187 22.35132 20.10555 18.54985 17.08 16.33475
9.95022988104074 0.61709540217858 20.29091 19.34926 18.94775 18.74129 18.61922
10.0169431676045 0.750154630994346 21.58186 19.19088 17.97988 17.46762 17.14202
10.0144676971964 0.583862808976518 19.87862 18.9137 18.79498 18.78246 18.69656
9.93734407054546 0.733248368962704 22.91576 21.38737 19.69275 19.04182 18.67287
9.49890567642643 0.831516017833261 19.31371 18.39082 17.78182 17.42942 17.22094
9.72210234105182 0.918042927242797 20.94155 18.36388 16.9482 16.20125 15.7864
9.83898674737952 0.8518257414061 24.41224 21.36843 19.92887 18.86227 18.22139
9.80530181423501 0.781576649512056 20.30195 19.36913 18.88333 18.73134 18.66043
9.52567703339935 0.982020600539975 21.01877 20.13919 19.79448 19.59539 19.59137
9.91223961505796 1.00992528177894 22.91463 20.12291 18.74452 17.96031 17.5547
9.53278819209211 0.823201565889368 23.32214 22.15209 20.52278 19.56197 19.02423
9.60374490227161 1.06822323330845 22.99313 20.07764 18.6609 17.04361 16.20042
9.99513368080483 0.74149791103596 18.26127 16.86766 16.37343 16.21013 16.12601
10.0475230248399 0.694276259708816 22.68239 20.10489 18.67168 17.46387 16.80772
9.49252144952948 0.877486374738993 23.39062 21.56532 20.02702 19.23824 18.85801
9.63926688269316 1.0910365032623 22.13566 21.99696 20.66645 19.85435 20.04063
9.73899104935128 1.21275695479465 20.65073 19.24755 18.71561 18.51509 18.35635
9.86847698879299 0.80365559825926 20.46826 17.88408 16.59048 16.05468 15.71724
9.52337926155599 0.579330766247204 19.23508 18.33377 18.02214 17.91326 17.86429
10.0459048074932 0.586799971838443 20.65983 18.04074 16.72026 16.1683 15.8758
9.82344685945253 0.763393080707574 22.12629 19.49228 18.10991 16.7961 16.10499
9.58614559578677 1.01165111413398 24.41747 22.37227 20.72713 19.80469 19.32136
9.50366065731791 0.793218219038104 22.58909 20.25769 18.87632 17.72581 17.10891
9.5501989275237 0.966225046071113 21.93111 19.62377 18.36501 17.83527 17.46578
9.60200800382256 0.933219805093671 19.89957 17.36447 15.94055 14.91007 14.34426
10.1139326437175 0.796522770203905 26.20445 22.74818 20.97065 19.90827 19.28423
9.50636373615529 0.673465810373603 22.21774 21.80013 20.92109 20.38004 20.06734
9.60693241164952 0.820835733341129 18.93645 17.63359 16.95753 16.61587 16.35021
9.74886357549588 1.06988761983368 21.53682 18.87585 17.48279 16.77505 16.40015
10.0160771375213 0.981737613430234 22.97636 22.02778 20.61851 19.84849 19.12682
10.1257292163071 1.12332873670816 18.47839 17.57007 17.33198 17.2765 17.27461
9.66817233877703 1.14811929604428 22.35344 21.91895 20.80005 19.98217 19.44033
9.839792380316 0.800968923031415 22.20412 21.10391 20.48163 20.2377 19.80462
9.99895116252685 0.949177622290874 22.00815 19.62995 18.48898 17.99948 17.70201
9.86490873317439 1.0558725411841 18.6012 16.61659 15.74706 15.41056 15.24632
9.61014314310012 0.655816550477058 22.02665 20.23462 19.33456 18.93131 18.76113
9.96997316081763 0.953720445514193 23.14264 20.07439 18.68902 17.49402 16.85771
10.0933462127081 0.994355007266277 22.13363 20.24328 19.59873 19.14313 18.62855
9.67291092846904 1.07907780776139 18.88588 17.70441 17.25005 17.07601 17.01675
9.87167972874931 0.899225568119634 20.59155 18.04624 16.75788 16.14226 15.8077
9.80213689773541 1.08929762342187 20.11789 17.71807 16.3147 15.20853 14.60275
9.66620291965347 1.16445500972915 20.5155 19.80439 19.30492 19.08816 19.02397
9.86052794325951 1.13214577999742 19.89374 18.69294 18.2431 17.934 17.8842
9.56804160105901 0.873896800639215 19.42755 19.4779 19.79554 19.99558 20.26099
9.59653528027991 0.608560678291051 20.45836 18.48541 17.72172 17.4468 17.26628
9.70315481820637 0.741167668133356 22.08685 20.97501 20.23884 19.95146 19.82952
10.0130520270872 0.693041489858276 23.67767 20.35277 19.00729 17.89112 17.25312
9.48301378279115 1.01446279060669 23.51918 22.13299 20.82472 19.92021 19.46041
9.51776045294855 0.974989831977513 21.27749 18.6579 17.1813 16.18926 15.62957
9.63914330896571 1.04889301894392 23.86364 20.68511 19.23355 18.25389 17.64675
9.59068271148664 0.74829417394747 26.37823 22.83783 20.63953 19.6452 19.17569
9.71371315937182 0.953646987799218 18.31421 17.52261 16.64002 16.45652 16.38281
10.1064617164382 1.01628523284111 23.76406 21.2065 19.66559 18.59074 18.13247
9.83224162394114 0.770731649565368 18.6083 17.44244 16.92922 16.73906 16.64266
9.9691435372078 0.752651545166108 20.26007 17.7839 16.67926 16.17594 15.89118
10.1297202089901 0.918971123152954 19.02413 18.06669 17.76485 17.65621 17.6351
9.49535718166197 1.19322096629123 22.24119 20.31953 18.46226 17.75262 17.33744
9.74388710033321 0.836223409236646 22.21119 19.8227 18.55273 17.97419 17.6595
9.80341339976235 0.980200622833391 25.28947 22.58081 20.47107 19.46729 18.78232
9.66339467774114 0.729092896883605 22.26699 21.72191 19.75535 18.69751 17.95275
9.66622201181127 1.07901207763547 20.28899 18.25963 17.21384 16.77402 16.40335
9.96097268953287 0.833763325371077 20.2464 18.54196 17.52187 17.06588 16.69948
9.68846742583867 0.978550452594623 22.51243 20.19777 18.86966 18.0427 17.56516
9.6451162012383 0.600920284841838 21.3681 20.88073 20.34168 20.22852 19.99182
9.95964426034294 0.666522722427461 17.10415 15.96822 15.53131 15.38628 15.27687
9.68053948602787 0.7824129982044 24.06088 21.76967 20.10699 19.19242 18.76459
9.66782511849837 0.674402272545259 17.39358 15.95282 15.3708 15.17479 15.07232
10.1214737828358 0.843481825896565 20.61639 18.15836 17.02046 16.59127 16.37303
9.86692726074529 0.776279938359695 21.08027 18.82379 17.56608 17.09789 16.80111
9.5012329648481 0.90350739313497 21.48911 19.03273 17.72082 17.08056 16.71687
9.6156787025252 0.620663742449465 20.76891 19.70378 19.24143 19.06205 18.9062
10.1166796840922 0.656621767423729 21.53454 19.07008 17.48842 16.22505 15.53422
9.93053479638468 0.960695854759793 19.21163 17.83711 17.19867 16.87603 16.68558
10.0755096786779 1.08047661351185 20.12018 19.13753 18.62507 18.39516 18.24767
9.51919702266196 1.06991814230063 23.29968 21.75375 20.45564 19.65235 19.18625
9.59312354220276 1.09934425147804 25.57435 20.48904 18.77056 18.12048 17.78173
10.0948597312625 0.59199383394134 21.02679 18.60767 17.44793 17.0022 16.73083
9.93997417394041 0.709435636337193 23.75089 22.41636 21.82481 22.04954 21.55115
10.1253638405356 0.754833228542671 22.67222 20.49874 19.0969 18.22279 17.74304
9.59702945441146 0.751194977530759 23.77725 22.97451 21.08578 19.98821 19.57333
10.0097542774022 0.644146261775092 20.1814 17.66224 16.3254 15.75531 15.3971
9.92451662348992 0.915788746634251 17.55076 16.31056 15.8797 15.7188 15.68215
9.53389419864317 0.927358506181058 22.56633 21.86982 20.80661 20.00987 19.56179
9.69645195963733 1.08329209715873 21.88762 19.48983 18.13876 17.4542 17.08878
10.104906027027 0.642130017100676 19.09437 17.61658 17.06979 16.88498 16.77003
9.80193003825494 0.714236031266666 22.49322 20.44275 18.77617 18.20023 17.75237
9.667789669309 0.801439097380541 24.14822 22.86828 20.8999 19.9026 19.43335
9.52013626086153 1.04191062279866 22.47618 21.93546 20.57357 19.74454 19.38016
9.62737739561328 0.957483587661715 22.89256 20.2802 18.8497 18.05966 17.58461
9.9453202607466 0.581362997101408 19.79491 19.60707 19.48735 19.39417 19.33222
10.0070544858798 1.05699938559954 20.25778 19.36472 19.08373 18.97155 19.07969
9.9066417612579 0.852803741699654 22.31515 20.83262 19.528 18.87702 18.59811
9.80133961332643 0.751915850381127 19.29375 17.60111 16.93119 16.69362 16.56858
9.61338450911765 0.722564989292805 20.73712 18.88667 18.13635 17.85098 17.64799
9.88841349419329 0.597476539116156 17.78993 15.81144 14.84704 14.40461 14.07189
10.1483527165123 0.74214966803233 22.87249 21.92543 21.76413 21.8392 22.14502
9.48404442917143 0.668844322955593 21.08529 18.71775 17.18184 15.89309 15.18227
9.88488148345465 0.960574934012104 20.19989 18.56313 17.95631 17.70703 17.66792
9.67683649263091 1.0334329070755 25.14382 22.59698 20.82525 19.96223 19.60168
9.69405442182509 0.771296843883703 22.32442 20.04319 18.66587 18.07269 17.68197
9.49469420971698 0.631131322703337 22.63209 20.15685 18.68292 17.49955 16.8568
9.55569470162885 0.667314485772841 19.20709 16.80112 15.83788 15.44919 15.22087
9.79306364833099 0.699246944985884 21.92902 19.28945 17.81179 16.67316 16.05148
9.83803145784526 0.936434270705992 19.57348 18.10766 17.56501 17.37911 17.27664
10.1036673553762 1.10090614519279 21.74179 20.83132 19.99081 19.27646 19.03646
9.92479824811096 0.566285592453675 23.67856 21.90378 20.31027 18.86597 18.07197
9.61398851506203 1.05971076370606 17.26002 16.15506 15.92259 15.84914 15.87802
9.71176047711958 0.871862230486968 21.49192 19.27791 17.83691 16.67158 16.01962
10.1359655290211 0.68807336899639 22.81427 21.87743 20.52916 19.51682 19.35656
9.65406346660279 1.01772157463176 22.48766 20.33554 19.07715 18.4706 18.12382
9.75692004322912 0.898253059625889 19.54981 18.16822 17.58731 17.37509 17.27101
9.84732897328308 1.02026841676533 22.51056 19.567 18.06349 17.189 16.69418
10.1307593199605 1.16854808032517 19.69361 18.57109 18.28801 18.0572 18.02617
9.65118638542555 0.663017577566666 19.90236 19.00065 18.66231 18.52809 18.47345
9.62812030468638 1.05296257799645 20.5678 20.33656 19.35773 18.95391 18.89762
9.64660213560046 0.831651609872796 25.29283 21.81893 20.09989 19.15535 18.64575
10.0110057703383 0.561437601167659 21.68754 19.18205 17.80122 16.57777 15.92695
9.87176425009693 1.06285056163394 19.61703 19.02859 24.41901 19.52514 23.2501
9.48888651229277 1.06993016543505 20.22784 19.54857 19.22943 18.89268 18.8688
9.7383556136881 1.09568097336577 19.90043 18.83958 18.32859 18.04872 17.99837
9.91935172553804 0.964707041342282 24.20257 20.93686 19.51228 18.00406 17.19375
10.1209981509438 1.19877220253824 23.02779 19.89072 25.02689 17.69075 18.40966
10.0632101260804 0.554921652399698 20.48952 19.39697 18.98287 18.83426 18.78343
9.63168924981602 1.11158333171671 20.66003 18.74132 17.84306 17.54741 17.30375
9.65991818683239 0.735836838463896 22.68812 24.66901 21.05422 19.67065 19.16538
10.0182701149226 0.629351256925834 21.30852 19.02563 17.98857 17.59329 17.35546
9.67205728663754 1.13224581521142 21.32165 18.81498 17.49186 16.70821 16.22117
9.73847685388353 1.16983663512977 22.38898 21.16708 19.3354 18.68488 18.22485
9.97515880434088 0.820496835228423 21.20617 18.63054 17.16262 16.26178 15.75765
9.78726994407572 0.917821201142379 21.12219 19.20712 18.45888 18.18102 18.05719
9.532145188306 1.11700744260966 21.29014 18.92362 17.57302 16.72579 16.25694
10.1017089115464 0.784214169142576 19.77284 18.77817 18.34847 18.05351 17.84816
9.93661694913578 0.979944095005431 21.08061 18.39243 17.18438 16.7105 16.46581
9.59987908471277 0.781110947033136 22.09785 21.31044 20.15155 19.69155 19.13445
9.85651520383033 1.01895208676896 23.46244 22.12407 21.82149 21.38604 21.87249
9.8602661546123 1.01483294176095 19.30376 18.39805 18.04026 17.90664 17.82373
10.1205129588009 0.999435275817517 18.67231 16.09022 14.7347 16.98893 13.76487
9.87921285345851 1.04080408637166 24.94295 21.56093 19.96956 18.64292 17.91505
9.50912075046517 1.10661239962353 18.50482 16.67134 16.00644 15.75623 15.62264
10.075911292394 0.925261773964999 19.12855 18.88863 18.69286 18.60229 18.44332
9.78130555704018 1.10094258034719 22.84433 22.44757 20.95893 20.09142 19.41667
10.128233661741 0.757353383198824 20.98991 19.53391 18.93537 18.72277 18.60167
9.75268946272243 0.660692453452431 18.63825 17.8296 17.53754 17.42028 17.36843
9.52337957980524 0.915504134310753 21.20991 18.46498 17.3218 16.86685 16.59235
9.78323245275084 0.588725447943636 22.70772 20.44354 18.98971 18.24967 17.79917
9.8794075701253 1.02369099853801 20.55361 18.92159 17.76138 17.27625 16.96942
9.93957436916483 0.837700364487581 19.57215 18.28855 17.79126 17.58679 17.48623
9.80728335644352 0.862115715605107 22.34167 20.88445 21.21739 22.13495 22.8269
9.78773262652439 0.656370468905465 19.64508 18.01632 17.33776 17.07853 16.91601
10.1173795145975 0.87836641257707 20.2802 18.21561 17.17077 16.70195 16.33029
9.53070736871882 1.01759924054033 22.50136 20.74599 19.28876 17.93983 17.17779
9.67115677915137 0.613274156765435 20.3403 19.09636 18.88319 18.70708 18.9788
9.8881397555765 0.618733088342771 20.08 18.9022 18.12659 17.74697 17.49411
9.54348862966799 0.858067197343187 27.13021 21.74318 20.08013 19.00409 18.50626
9.97472997875178 0.705832712612601 23.44328 22.87574 21.38105 20.01275 19.34506
9.82541006233078 0.621143327944009 22.43695 21.15314 19.34543 18.6977 18.30567
9.98815452653599 0.979933500192467 23.55476 21.73171 20.03762 19.12478 18.68636
9.82708189197297 0.904434747685639 16.13882 14.64868 14.03084 13.67559 13.69805
9.60288766001543 0.5717717465383 22.28225 20.34625 19.4698 19.10044 18.91244
10.0801906978193 0.82800887542565 24.2233 21.97655 20.52338 19.08419 18.34464
9.66793271677861 0.67502755929444 23.61436 19.73868 19.1374 18.02118 17.59506
9.61748622077778 1.06321510789949 23.80847 22.43591 20.45458 19.53195 19.28642
9.85142233276181 0.660021031158792 22.8327 20.50534 19.02676 17.70129 16.97601
10.0962896435132 0.758461528560406 20.7785 20.07056 19.57321 19.46497 19.15103
9.68881501269831 0.766316730900438 22.79572 20.11252 18.80546 18.14293 17.74013
9.69389626832606 1.1142566255406 26.13163 20.6128 20.56435 20.34916 19.66869
9.49788438832076 0.886448603055719 20.81937 20.45431 20.41823 19.98793 19.76102
9.73001716011208 0.991258981941023 21.43877 21.11119 21.30741 21.09469 21.74804
9.48407695670596 1.19045532974859 23.89429 22.31505 20.9971 19.95295 19.61565
10.1278326325973 0.773840299602122 22.32918 21.46565 20.0551 19.25995 18.70672
9.55446133730533 1.14220591660834 23.06536 23.08205 22.12111 21.67837 21.63256
10.056542658354 0.59110327546726 20.35315 18.69015 18.22211 18.12444 17.8771
9.78676663673889 0.884631488113326 19.60848 18.68292 17.76442 17.38597 17.11522
9.56078248603797 0.619560657217678 19.78478 17.88036 16.91253 16.49844 16.16783
10.0195110549215 0.747784712598379 22.44757 20.61082 18.8336 18.19663 17.71837
10.0775826925982 0.790111126438688 21.14568 18.76275 17.45607 16.95887 16.72254
10.1303393482758 1.1523773556596 22.96277 21.15212 19.39642 18.78123 18.43637
9.92247283186737 0.97775766332052 20.43676 17.94613 16.50844 15.79941 15.41096
9.85015240594311 1.00941389131306 22.79017 19.93356 18.57176 17.65981 17.13897
9.86140974949097 0.745947843824639 23.01928 21.50809 20.29095 19.78649 19.47331
9.63379865775846 1.04451580716087 20.88008 19.80103 18.69122 18.20208 17.96495
9.83106890786564 0.625042547249356 22.88215 22.44291 20.8858 19.80261 19.30529
9.91318165978998 1.10494984958845 20.45888 19.25467 18.52454 18.19474 17.88742
10.1392589884232 0.670146702593873 25.80723 21.31941 19.58809 18.72931 18.20343
9.78948185466004 1.17997044982931 23.09768 22.8026 20.89244 19.64872 19.14291
10.1299578407929 0.705352987441615 16.34667 15.35557 15.03425 14.89549 14.8471
9.81442304259258 1.12398560284472 22.10378 20.07152 18.73913 17.36174 16.61815
9.7722264370974 1.06178053620911 24.61233 22.25052 21.84114 21.72235 21.58816
9.719322021057 0.812773070260955 25.29851 21.50018 20.15592 18.88562 18.14841
9.51062438210704 1.10211448017566 24.21831 20.68897 19.23699 18.7116 18.26378
9.77976827996832 0.927236237119701 20.53167 17.88832 16.47925 15.77034 15.39047
9.5514261207172 0.634600088097213 19.90072 17.40575 15.94556 14.97781 14.46189
9.77014547606478 0.567939916761953 20.85383 19.90856 19.27881 18.61479 18.77602
9.97235585520281 1.20286431805104 22.62856 21.86108 20.00024 19.30718 18.94257
9.99996926201243 0.950884731737045 20.64122 18.43354 17.28989 16.79733 16.52808
9.69183798650278 1.17537203009773 19.55373 18.62812 18.31558 18.20888 18.1279
10.1036057743441 0.933972422931203 23.35407 21.22462 19.88978 18.78084 18.1538
9.85060432393954 0.980080279860027 18.03686 16.88342 16.48944 16.35156 16.27061
9.84050786675891 0.895097828205758 18.6116 17.69099 17.39797 17.28403 17.25241
9.66697433874324 0.771502970599574 23.15563 22.40783 21.0698 20.14554 19.47401
9.96159375579799 0.980531670219121 18.18454 16.60793 16.02656 15.79561 15.68284
9.92383659460276 0.777110644782147 21.29772 18.96935 17.90094 17.519 17.27034
9.94351861131469 0.614367546800538 24.0223 21.31916 19.97082 18.88003 18.29224
10.1399018880141 0.797036670583469 22.83873 20.80933 19.21896 17.77832 17.01213
10.0954530581986 0.66016020651249 20.11328 18.91354 18.48035 18.3143 18.23136
9.56194739638346 0.699360926824669 20.7895 18.29245 16.87933 15.9298 15.41873
10.0909319911967 0.621740232627271 19.87787 18.72928 18.23044 18.05644 17.96887
10.0794399402231 0.823621139518762 21.75992 19.41944 18.24385 17.76693 17.53971
10.0116051063336 0.585160593771305 23.11268 21.66455 21.46844 21.57503 21.28556
9.77977042604397 1.06834740795684 19.74381 18.58787 18.14315 17.95931 17.87066
9.93131239431474 0.764724832498097 22.72544 20.99847 19.2562 18.57868 18.12981
9.49921020648341 0.71000751581882 18.7386 17.74489 17.24795 17.04988 16.91525
9.71988610968663 1.09339890765928 19.13156 16.66429 15.63464 15.2711 15.0678
9.89007058144352 0.865355031465202 21.66543 20.87825 20.65047 20.56294 20.81351
9.82433382639942 0.912766204845535 15.65309 13.79814 12.99945 12.60293 12.30192
10.0537782281737 0.879598754097974 23.96308 21.76021 20.3039 18.88353 18.15646
9.55600785533909 1.21658402678684 21.63662 19.28696 17.95102 17.30936 16.91159
9.76632142786559 0.849515070191925 19.87914 17.83182 16.78972 16.36093 15.98257
10.1308684541377 0.985124080601424 22.96149 20.26961 18.62425 18.00917 17.63748
9.55015226532095 0.766470598377895 23.1909 21.01587 19.22556 18.64489 18.24633
9.7759128638229 1.16282719518892 18.66272 17.50573 17.04795 16.83212 16.72537
9.74611247630673 0.591449231550166 23.05453 20.36864 18.89596 17.70506 17.03628
9.86920962193142 1.14732159839393 18.14069 17.26402 16.98971 16.88275 16.84156
9.88086807617191 0.730505475120484 22.74768 20.3159 18.79609 17.91989 17.38425
9.54514888846552 1.17997219486376 23.43145 20.05218 18.45117 16.90807 16.04298
9.75695980820154 0.993395228574004 22.27362 19.66747 18.34109 17.73268 17.30463
9.88207916982174 1.10313035713439 21.07207 20.8425 20.77447 20.78056 20.6364
9.81350978205137 0.952917997968779 23.72781 22.90138 21.1949 20.14838 19.9722
9.92615424737733 0.753843612273099 23.22289 20.97297 19.70224 19.14962 21.2448
9.95679445469139 0.66064510516911 22.87887 21.49957 20.25228 19.05824 18.46498
9.83132722181853 1.18045328206318 18.87723 17.61847 17.06606 16.75186 16.55655
9.57826220375964 0.643838509054717 19.50004 18.61748 18.24153 17.95845 17.91195
9.8007758301643 1.083526146313 25.90149 21.3132 19.88087 18.7006 18.06575
10.1307290306241 0.836081065369529 19.53773 18.28045 17.67952 17.31405 17.09687
9.67030199069393 0.792576991595946 21.52925 21.73903 20.18559 19.08188 18.65605
9.77226352003038 1.08772051032637 19.3459 18.18987 17.78777 17.6289 17.60235
9.50881763297576 0.952659480876111 23.14136 22.04438 20.78414 19.95302 19.53971
10.0654707290494 0.595214029511537 19.12723 18.21047 17.97034 17.88815 17.8364
10.1384468865657 0.608841745204223 22.90436 20.51319 19.07403 17.64244 16.87299
9.89665095055904 0.802469605980228 18.13757 16.8143 16.29248 16.12416 16.00822
9.98153607208258 0.701449510003319 22.46251 19.97594 18.54476 17.4755 16.88063
9.78788692126642 1.14240364889993 21.88085 19.62179 18.1226 16.40912 15.48559
9.83155187287036 1.12125275960271 22.2616 19.92106 18.55919 17.5119 16.92615
9.73831736920636 0.94211229152903 22.38732 21.8447 21.52183 21.30737 21.36905
10.0415469152829 0.635646285762971 21.13953 20.48887 20.39896 20.51342 20.62932
9.52318666268366 0.982256987613436 18.36884 16.84995 16.30858 16.13083 16.01591
9.63699942831033 1.16412271163636 19.60619 18.62202 18.25113 18.1231 18.08956
9.77671799921805 0.751356875166806 22.36938 21.29412 20.14603 19.65756 19.39209
9.61439836864008 1.16740559502744 21.30425 20.8397 20.72408 20.51346 20.10865
9.58165174974994 0.869561518593612 20.21412 17.76353 16.32029 15.26006 14.67762
9.89699525490238 0.985577903182473 22.64499 19.86383 18.56006 17.95849 17.62663
10.0104563060003 0.646277076885904 22.73625 20.06712 18.59985 17.60085 17.0357
9.97504512537563 0.663335072544381 21.41835 18.71138 17.34012 16.69449 16.28335
9.84476622735801 0.836230720693098 19.29573 16.73906 15.34158 14.73667 14.3591
10.0573808807192 0.985026982996693 22.64579 23.0932 21.8791 20.82525 20.31717
9.56968904351038 0.616521499941333 23.3889 22.16236 20.90684 20.09143 19.78767
10.0056751271474 0.968537392803374 25.26649 21.57767 19.99406 18.29663 17.32404
9.86718255557309 0.911094277941105 22.3488 22.6765 20.84925 19.76974 18.82206
9.6998934179129 0.582658770905843 17.60025 17.07317 16.5796 16.0941 15.91918
9.74672226651364 1.164669279105 21.28143 19.0967 18.03521 17.63025 17.3364
10.1362143658316 1.06773373711531 18.37123 16.89977 16.37099 16.19061 16.11848
9.63652226276227 0.632028557280211 22.60129 19.94017 18.48149 17.70333 17.27515
9.82434686629222 0.900540802846963 24.04469 22.58005 21.35704 20.8459 20.3147
9.81781028517199 0.742895582252277 22.76073 21.6268 21.19191 21.08612 20.89968
9.68581702529207 0.975019522939601 22.76461 20.01891 18.5713 17.62043 17.08674
9.74444040303041 1.02708144447143 21.27675 20.52176 19.46782 19.02747 18.68717
9.77700735654128 1.19555474595396 21.723 19.14259 17.70779 16.75361 16.25281
9.71430405684913 1.07302968156348 24.05643 22.0332 21.4496 21.31636 21.21346
9.99496231543458 0.874370054162879 22.01399 20.1962 19.16677 18.6955 18.38292
10.0569019885774 0.632425329436053 18.25704 16.94684 16.30918 15.99538 15.71981
10.1244956515018 0.867924518993108 23.71648 22.33443 20.77323 19.81146 19.38973
9.89745316064841 0.906217934759494 22.4401 21.72479 21.67038 21.54628 21.21512
9.98503997951661 0.864612487235364 19.83141 18.48904 17.96615 17.77186 17.712
9.76526481340665 1.11025715723902 23.08809 20.36509 19.15283 18.57097 18.27168
9.67971869421905 1.14379730010902 22.56212 21.79695 20.32478 19.40183 18.89165
10.0830901513424 0.903950156760821 21.51036 19.44423 18.5394 18.1705 17.8817
9.67664835410801 0.598615500092422 18.05517 16.74551 16.16377 15.93268 15.73632
9.55967213595852 1.14197217695781 17.33894 15.82193 15.2818 15.10409 15.042
9.70612154678523 0.688411024325877 20.90669 19.90285 18.9021 18.51294 18.2186
9.74546663598161 0.804785379785538 23.40089 22.80742 21.17173 20.07909 19.74573
9.90274476845582 0.794652307436262 25.6569 21.92934 20.24096 19.32332 18.97122
9.95289117463187 0.941581105711158 20.8403 19.91397 19.63015 19.47071 19.44774
9.69587283975639 0.637716650638272 22.61642 22.52868 20.93116 19.99687 19.56346
9.93099932805407 0.638142996054846 23.25417 22.10502 20.48582 19.46803 18.93533
10.0614782147115 0.710481131795868 19.97823 17.32766 16.07767 15.58068 15.30027
9.56337109630783 0.773710711671235 22.06565 19.56467 18.13755 17.28719 16.83946
9.80743069186701 1.14292411764118 22.3271 21.56426 20.34123 19.55398 19.11707
9.86737236492638 1.12039478979814 20.42693 19.39079 19.06576 18.92027 18.93778
10.0862742219876 0.880830948406311 18.45603 16.49136 15.44498 14.9986 14.61169
9.53055821092903 0.960512767184623 25.156 23.86622 22.75501 21.1689 21.09199
9.99949344772466 1.06522715882485 17.11143 15.3926 14.51749 14.11533 13.7892
9.6117016554133 1.06366800597759 21.48008 20.48495 18.98479 18.39204 18.08545
9.92112559653924 0.907689189590104 20.51148 20.49785 20.70594 20.87635 21.31508
9.53729913945995 0.855434437201292 22.17931 20.77754 19.05077 18.44905 18.08414
9.95221365071779 0.845145619644772 22.81809 20.70747 19.24776 18.60262 18.24147
9.7551928978715 0.98760549297605 24.19799 21.61119 20.15985 18.76144 17.93476
10.0986996689673 0.731368182690499 18.98452 17.65248 17.17395 16.98927 16.94721
9.48516597655112 1.06970371767879 19.18206 17.42762 16.71963 16.45744 16.32053
9.7291895782171 0.656378251652919 20.75797 19.03338 18.19287 17.87208 17.72765
9.70688855644488 0.873340251832132 19.718 18.51005 17.90071 17.57858 17.33858
9.49121307546292 0.740765417008783 21.9436 19.68445 18.25978 17.53341 17.07395
9.50474614299014 0.932782356350175 21.6948 19.03238 17.51821 16.44926 15.85192
9.51193996953498 1.08573853686057 22.60775 21.85825 20.00755 19.10017 18.70797
9.55019434449878 1.019150849517 18.70042 17.84459 17.57727 17.48415 17.41936
9.91627008468049 0.913446122640814 19.15402 17.84293 17.30197 17.06782 16.96744
10.0033924259152 0.562143092761047 22.36979 19.68795 18.24449 17.20709 16.62654
9.84173327881078 0.805414763358399 23.38519 21.2712 19.40338 18.74573 18.25649
10.0059237260953 0.985761508857756 19.99125 19.40457 19.19933 19.11789 19.12818
9.6128417796337 0.621675948883377 21.16611 19.84035 19.29253 19.07323 18.96066
9.8058868000229 0.864161901397369 14.96438 13.26888 12.38029 11.94267 11.59935
9.75958199165811 0.72402974617045 22.47514 19.48003 17.99869 16.99166 16.41765
10.1075682975037 0.802012514795865 19.85836 17.90779 17.11513 16.81467 16.64346
9.83733447550082 0.847358156892093 21.89719 21.32755 21.01554 21.14131 20.89685
9.71462152989341 1.04537479775195 17.7228 16.30937 15.79901 15.61199 15.51222
10.0806646602023 0.974477191521688 19.97965 18.43897 17.68273 17.3239 17.05614
9.68049011238099 0.760478071950252 22.81021 22.23054 20.45968 19.49698 19.0829
10.077827682578 0.923865878609736 19.62583 19.39541 19.22466 19.05589 18.77663
9.81444144742625 0.942584493635296 19.55784 17.89278 17.24308 16.94552 16.73516
9.76092345259269 0.771626841958683 18.78187 17.72768 17.20328 16.89744 16.74848
9.7396826056405 1.14307140836122 21.97651 19.56925 18.34523 17.83226 17.51764
9.94096384906567 1.10418417130823 21.5859 20.96224 20.08104 19.79259 19.4037
9.53853316540022 0.560793643683023 19.72024 17.28436 16.17188 15.71497 15.42104
10.0933137060249 0.791290657781297 18.59527 17.43949 17.01192 16.83146 16.77092
9.57785005471305 0.607453832804172 19.29937 17.98703 17.31427 16.8825 16.63849
9.55933390885872 0.818559735912908 21.54215 21.17799 19.77087 19.03242 18.60664
9.74308455202015 1.13106456283249 18.19504 16.64582 16.11451 15.93002 15.85675
9.51214435219981 0.969206917174184 23.5779 20.81941 19.29926 18.19294 17.57252
9.55290514230592 1.16339315441507 22.90338 20.08061 18.76391 18.12364 17.76653
9.98383275437823 1.14275027309668 20.16502 18.35811 17.5291 17.16301 16.87683
9.69993862114191 0.750257194263898 21.29643 19.39702 18.53499 18.16914 17.90902
9.93190264992353 0.800665257953912 23.68028 21.1349 19.37438 18.72381 18.31352
9.5989539332063 0.980097908597739 20.85144 20.42589 20.37589 20.3891 20.04832
9.80272597199934 1.15585573785018 19.7875 18.73077 18.30561 18.13085 18.0732
9.74670367597076 1.21274618389973 21.58271 21.09392 20.26044 19.54057 19.42398
10.0617862331083 1.11339899416484 22.9482 21.65206 21.52651 21.25728 21.51122
9.78076120078038 0.916816089135504 21.01074 20.08207 19.50134 19.22934 19.08956
9.61017040447928 0.573414471418909 20.69967 18.23129 16.87075 15.64524 14.96195
9.96040486755805 0.986459069791275 22.12613 21.18526 20.91206 21.10093 20.70217
9.66938014197666 1.20326315547749 19.33118 18.36195 18.01578 17.71956 17.58416
9.97679528398817 0.726451617655106 22.52304 19.53954 18.17829 17.46169 17.01581
10.1477509776165 0.765620874283842 23.50388 20.67291 19.1527 17.95816 17.34063
9.74873145777843 1.20781344324771 25.95018 22.31286 20.58432 19.72972 19.23432
9.75898613715987 1.18763091517561 19.55786 18.55954 18.24355 18.12493 18.05681
9.68598006211749 1.10830265366912 22.05774 19.5506 18.20553 16.88204 16.16342
9.99186046447548 1.05003602696296 21.86958 21.74937 21.66892 21.65056 21.20135
10.046429347793 0.821096868953296 21.27235 19.15471 18.15165 17.70447 17.50483
10.1016316025578 0.751171144882623 25.21588 22.36894 21.03756 21.04712 21.62958
9.68768917660159 0.664228110938842 19.19041 17.47131 16.79997 16.56416 16.45014
9.8558962957984 1.20187792650879 23.60705 23.50194 21.18091 19.98258 19.49734
9.81770953736358 0.750011135530691 23.17878 22.66952 21.13907 19.83203 19.27269
9.66269616990746 0.565925117381366 23.07981 22.06399 20.54063 19.51917 18.93734
9.69252664730968 0.674982354640552 19.08776 17.98621 17.4967 17.15119 16.95494
9.62708837186801 1.02442790204853 22.31792 21.52036 20.14692 19.30797 18.93593
9.85607493263899 0.626441683492984 19.31109 18.08403 17.63139 17.48049 17.38501
9.54868589959813 1.04740085024778 22.85011 21.61816 20.09382 19.10322 18.61886
10.1454819743639 0.760069234957889 20.90275 18.48586 17.25261 16.69829 16.36539
9.61788283477671 0.837948518096067 22.5452 20.74157 19.18356 17.65922 16.78249
9.69413671037569 1.21912795540992 25.5651 22.53337 21.54748 20.22615 19.16245
9.97755040368992 1.10211383643729 22.157 19.71519 18.33714 17.12276 16.47954
9.97504216856794 0.960430039213302 21.2758 20.61082 20.37434 19.8638 19.55642
9.71431790060433 1.04953522552351 21.61689 19.42595 18.4278 18.10297 17.92925
10.0560787779458 0.591223414459663 22.60917 21.96171 22.08046 21.68144 21.89079
9.58793914395869 1.00008217427841 21.86447 19.0883 17.63705 16.60973 16.00948
9.76363993276351 0.983954970470096 21.05272 20.42447 19.68017 19.38846 19.05048
9.99582645517671 0.56766540048313 22.50412 21.14094 19.74576 18.77176 18.36258
9.77189392633511 1.08851778782272 22.1365 19.42289 18.11884 17.5613 17.25852
10.001921893077 0.956962974170162 22.36868 19.51999 18.16483 17.41288 16.98804
9.77978069582946 0.758485718430804 19.60685 18.26055 17.73194 17.54773 17.45532
9.53331141392175 1.09981305021434 21.11045 18.78089 17.75572 17.39869 17.19268
9.79293339427181 0.659829329156064 16.9821 15.47834 15.42514 14.61907 14.47095
9.91404352649283 1.10767806592904 23.92247 23.17045 21.37167 20.181 19.5382
9.79537845566955 0.849932759023708 18.19011 16.74625 16.20456 16.02315 15.95449
10.0298203018955 0.785404231428639 20.93396 19.98706 19.61393 19.46158 19.38252
10.1283614953755 1.20359549821362 18.65038 17.38721 16.93356 16.68318 16.53578
9.89512804606989 0.8599586710626 15.01746 13.38153 12.7639 12.41548 12.29506
9.61437355125906 0.897181551680556 21.41825 20.93266 21.23333 21.52931 21.53144
9.75049627023623 0.914219689498682 18.36325 16.91472 16.33982 16.10022 15.98897
9.6684225760838 1.14070370063334 19.52072 18.30458 17.85656 17.64839 17.58326
9.79760120272528 0.991223569197807 22.51619 19.98386 18.57086 17.76859 17.30651
10.0597097470236 0.599241228815604 20.15275 17.54462 16.17947 15.57672 15.24318
9.618305392254 0.615722301015921 17.18702 16.17915 15.76738 15.59885 15.50142
9.91808897768635 0.606083214683058 21.68537 20.62001 19.99501 19.67944 19.38248
10.0201915523348 0.643657815777295 22.55957 20.28667 19.13581 18.62148 18.3019
9.92137915353783 0.570426064410161 22.26628 21.9868 20.09807 18.80284 18.19597
9.55272826361977 0.591554291542072 22.44534 21.88082 20.94901 20.70044 20.44981
10.0416338239046 1.00607868370223 20.32722 18.82173 18.04499 17.62374 17.47172
9.690121530395 1.11812643222372 20.75093 18.7767 17.77033 17.33937 16.9776
9.66314071540091 0.785322475294571 20.01769 18.5002 17.9094 17.6859 17.5445
9.95941917942105 0.569676060725716 23.37502 20.54586 19.11323 18.01405 17.4269
9.55202979856779 1.03163323676035 21.96448 19.37541 17.88831 16.82766 16.23074
9.55911283748284 0.745882893234182 20.73292 18.18646 16.70381 15.9012 15.45314
9.54982967618184 1.14701231368432 26.40275 22.31398 21.14287 19.83105 19.21969
10.124969130303 0.6931230756003 20.19683 18.95623 18.28216 17.91579 17.61617
9.71581792306353 0.835062372117932 19.78563 17.30209 16.22798 15.8444 15.63268
9.74859749079661 0.717715440153316 24.69073 20.47548 19.07652 18.52459 18.15054
9.75168716162182 1.12390227288577 20.15131 19.89782 19.73484 19.35001 19.27574
9.79647560806782 0.709137486290969 18.95018 17.04946 16.26181 15.9909 15.82436
9.49882162434488 0.975744318029073 22.40854 19.78226 18.36098 17.10237 16.4101
9.81363185945318 0.817512756901351 23.47146 20.92063 19.212 18.51751 18.19212
9.57887627750563 1.057409908748 20.12079 19.22125 18.86164 18.71048 18.6742
9.7325956672781 0.801134975486857 21.90715 21.21874 19.87732 19.36308 18.94801
9.53176660236284 0.724621469942802 22.44345 19.67363 18.23507 17.34782 16.87263
9.9002190541911 1.09165966342406 18.29967 16.96205 16.53706 16.41932 16.36538
9.56058749287706 1.1731228905135 23.45977 20.87562 19.98404 19.64205 19.29339
9.85809344300662 1.1966112085544 19.98361 19.75294 19.77606 19.58352 19.60052
10.0089644137303 1.05074953064011 20.6602 18.96049 18.14522 17.78406 17.53901
9.88952221565691 0.716860104367774 22.03208 19.32158 17.85141 16.79287 16.20549
10.0921903752597 0.566524537498538 22.36421 19.79593 18.51392 17.92567 17.60226
9.86304649125577 0.864677063054731 22.74272 21.72346 21.08946 20.80562 20.52088
10.0321536955456 0.941562774437882 22.37571 20.00968 18.71049 18.09876 17.74478
9.59361524708447 0.995023833398667 22.61795 21.50858 21.21288 21.07133 21.2117
9.95696521016794 1.11912571192251 22.9276 21.14675 20.88998 20.86225 20.72173
9.92156204636348 0.67713815634557 25.0385 22.86346 21.65585 20.91296 20.6877
10.0482296018467 0.916530852455312 20.31064 19.32285 18.86688 18.55632 18.40811
9.52316610761184 0.637961946766792 20.98792 18.40363 16.97098 16.20724 15.78553
9.99381819453518 0.74307681272897 23.43422 22.01826 19.88802 18.89623 18.38961
9.73759525918604 0.814086787387649 17.12703 16.06598 15.71714 15.59653 15.55033
10.135813661329 1.17971663203108 22.08795 20.15808 18.47182 17.87885 17.51656
9.72619194552021 1.06492735158452 21.90624 19.35563 17.9712 16.64046 15.9429
9.98755893044677 0.984870442601318 19.76217 18.85781 18.43517 18.09402 18.0476
9.80059806956052 1.04477256264325 20.78209 18.72135 17.46148 16.95565 16.61448
9.87363389813254 1.06387361789205 18.77728 17.02348 16.1947 15.75482 15.41045
9.58587159661778 1.15771360669035 21.82646 21.50277 19.96167 19.14315 18.73425
9.79644636956925 1.08612605431777 20.11439 17.54827 16.39864 15.95766 15.71688
9.91764046471022 0.711552750259839 20.1033 19.85647 19.94004 19.70805 19.78374
9.9597433952863 0.595553454876291 19.47441 17.9151 16.9639 16.51964 16.16652
9.89381810796033 0.851181247255199 23.51578 20.46127 19.02599 17.8864 17.30477
9.65844623161684 1.13645740273177 20.78982 18.43672 17.38011 16.98839 16.77731
9.75781737361774 0.819171393429721 23.05215 22.09839 20.52054 18.89852 18.01425
9.61723393562892 1.0564743382653 25.69152 20.92082 19.04393 18.39367 18.10372
9.99670313687534 0.887246690168601 19.44362 18.50431 18.23739 18.13771 18.10182
9.66947945060042 0.782898442445847 22.45376 19.9299 18.7231 18.21471 17.86209
9.90152283245504 1.0076186197976 22.76141 23.23507 21.89018 20.36312 19.8429
9.57328735042546 0.674271421332124 18.80986 17.68963 17.33275 17.19899 17.1624
9.76062803570551 0.805941302636025 18.8875 18.79091 18.88928 19.10146 19.17338
9.91235027093853 0.642436040600264 19.97323 18.09274 16.97294 16.52448 16.1763
9.84452982393984 0.796954216500245 22.99789 21.30793 19.59845 18.91426 18.30582
9.78620127594894 1.11900509947268 23.46138 21.88706 20.28444 19.31099 18.9122
9.64905145560124 1.1103821935495 22.69607 20.28336 18.95351 17.76054 17.12299
9.7709101745728 0.903645650288212 19.97932 18.05559 17.23341 16.95305 16.809
10.0976429176597 0.856444403954252 19.95236 18.67886 18.02564 17.63262 17.38337
9.76617380845303 0.804954841270797 19.79676 18.42594 17.65545 17.2387 16.97027
9.78088503628942 0.929585238463009 22.33694 19.75964 18.30135 17.53109 17.10474
9.82501334340608 0.699809594848445 21.01002 18.90558 17.39226 16.84495 16.53332
9.52448263435059 0.741263026922334 25.10077 21.43207 19.96109 18.78814 18.16789
9.94867519861589 0.811782416628367 22.38707 22.14877 21.4225 21.25772 20.77185
9.60561941667251 0.709076024728298 20.89841 18.27804 16.7566 15.54261 14.88873
9.95929214793534 0.834029720435658 23.57963 20.76326 19.21141 18.59468 18.13548
10.1284323154954 1.11643222876458 24.42382 22.36564 20.55899 19.63096 19.18675
9.7126041894569 0.588436636043213 21.30454 19.05305 17.66012 16.67806 16.13704
9.84107008973598 0.604306931861882 22.03356 21.2319 20.18646 19.43456 18.98174
10.0136709646511 0.714933978750518 19.0865 17.80096 17.32457 17.14161 17.04391
9.81266610259058 0.615892215079729 20.17811 17.65602 16.34286 15.81563 15.51489
9.55833347738036 0.769527984035449 19.05654 18.07906 17.75168 17.61264 17.5596
9.94116503164753 0.981943675128564 21.18425 20.23814 19.99445 19.91923 19.86276
9.50710224670968 0.875716660106219 19.64766 18.35495 17.4605 16.93003 16.60796
10.0102850800473 0.844028775843107 21.86035 19.42322 17.96682 16.77092 16.13082
9.69237561215357 0.574391475113263 23.84506 23.06815 21.54927 20.17263 19.41592
9.76608254390783 1.03520634125337 19.9899 18.59686 17.76029 17.32713 17.00906
9.82832553281321 0.891993682770679 16.19174 14.90417 14.4219 14.14256 13.94426
9.58233332439067 1.07004458396688 18.24713 16.2078 15.40039 15.08652 14.92325
9.91540148604273 0.674738379145682 19.07686 17.09867 16.26528 15.95058 15.74596
9.68380160657571 0.812551270795724 22.98107 20.38712 19.0775 17.70186 16.99455
9.75918632208584 0.591219830874077 19.6958 18.79443 18.45531 18.34974 18.27402
10.148964057101 0.970950541209921 23.07636 20.7472 19.40746 18.70023 18.28856
9.8092460537236 1.10644256936654 22.8461 21.1919 19.84673 18.58118 17.93725
9.88764154576302 0.774708573056835 20.93136 18.50433 17.22737 16.70348 16.36004
10.0680912310547 0.719615106609668 23.10212 20.25993 18.97145 18.40923 18.0968
9.72415081087502 1.01695284609459 19.5293 18.08487 17.5839 17.4127 17.343
9.83694269261483 0.803169024228902 22.53526 20.84304 19.30759 18.12245 17.44134
9.62916539479289 0.657230230495834 20.48149 18.28599 17.3311 16.99112 16.80156
9.80353002262939 1.06645209597505 21.30027 18.84091 17.57653 17.05597 16.77038
9.84605283747015 0.792218888709829 22.86397 20.35279 18.74836 18.08321 17.65773
9.60789535944741 0.911310381995464 21.77917 21.23202 20.26343 19.57923 19.09467
9.62521444445724 1.08199209615603 21.98311 19.69938 18.48867 17.99087 17.71689
9.76746394743947 0.707976798468625 20.03885 18.75442 18.25638 17.94245 17.79424
9.85748675167082 1.13819082548544 20.04927 18.60841 17.79403 17.35227 16.98833
10.0343722622252 0.644249787271555 23.54279 20.87358 19.43925 17.95841 17.11514
9.65152327129505 0.976530355197512 25.22205 21.1363 19.25802 18.63688 18.20443
9.8885497830355 1.04943099328677 23.64839 22.21111 20.40163 19.58071 19.11833
9.64338267476487 0.642405238449574 23.31823 20.94211 19.58179 18.20784 17.48137
9.66433138882985 0.88248218964421 20.96939 18.48047 17.33635 16.89854 16.62501
10.0604666508294 1.05649271790195 24.29992 23.58278 23.94046 22.2146 22.13939
9.94656045090352 1.12940034345333 20.56419 19.88178 19.28829 19.00352 18.76828
9.61868203997406 0.812559818155091 23.85702 20.65143 19.2861 18.35606 17.87953
9.925637619128 0.73258580733317 22.81577 20.91645 19.55301 18.7193 18.25737
9.8106313231585 0.785864593243232 20.40488 18.95988 18.3924 18.22067 18.11437
9.77241340925264 0.563648085047705 21.25503 25.10675 17.49487 24.33658 22.81359
9.95111586639823 0.757818700822403 18.29218 17.24857 16.89534 16.7544 16.69137
9.75984860567883 0.754122293558914 20.50161 18.99062 18.36756 18.17804 18.03783
9.69985512666884 0.63026758070652 22.35396 20.38576 18.9634 18.25697 17.84812
9.97101247096771 0.952564166726997 23.78335 20.60686 19.12371 17.8624 17.17676
9.86619034842784 0.965212017102017 21.878 19.53136 18.17405 17.43621 17.02387
9.74488514842915 0.957533548919175 20.09953 18.55452 17.54846 17.08574 16.71781
9.85524704215445 0.629673583713198 21.929 19.39658 17.95256 16.74689 16.11406
9.9315655927154 1.00385773708304 18.65292 17.27232 16.75111 16.52621 16.44006
9.79410199627125 0.989872387554004 23.92456 20.33111 19.33355 18.90074 18.73686
9.57925444309834 0.680067091128413 21.86148 19.23192 17.81387 16.55308 15.88976
9.53429004693294 0.974599193445583 22.04241 19.50769 18.00561 16.67872 15.94403
9.92730025171343 0.76162419867089 24.51208 20.95008 18.91148 18.16772 17.73775
9.96317920917966 1.18823097905529 22.49199 21.45259 21.04032 20.75805 20.65016
9.49560914031201 1.08154302785194 20.26812 17.83611 16.51657 15.94598 15.64795
10.0124260008884 0.779044318898899 24.20318 21.25257 19.47375 18.8457 18.344
9.96407588177547 0.799347884347188 23.09259 22.95792 21.0876 20.07829 19.62935
9.59245079961363 0.740445162540671 22.87354 19.91745 18.45223 17.03309 16.265
10.0717745274176 0.755699273183248 21.96104 20.19346 18.47211 17.81073 17.4851
9.75087340693315 0.810632228239011 22.19303 19.86348 18.42816 16.9131 16.05841
9.5023864251977 1.12001728300318 20.23629 18.86194 18.42159 18.09387 18.04085
9.60453148395771 0.803774501729878 24.78107 21.25566 19.63506 18.84825 18.3377
9.75847500437808 0.772617144881509 23.23372 21.34185 19.53656 18.68532 18.31859
10.04554519459 0.593322768408675 17.81161 16.70692 16.34796 16.18114 16.13044
9.8435231799109 0.997699884629539 19.77452 19.7225 19.64557 19.46347 19.04756
9.79379251681365 0.76871330264666 21.43715 19.18988 17.87449 17.33206 17.01797
9.60584840504072 0.749302914267999 23.46687 21.60263 20.12279 18.94684 18.32087
9.78623148573308 0.806070114513871 20.01535 19.02578 18.42133 18.05963 17.79253
10.0554924952909 1.09285669054088 22.95606 21.07062 19.39861 18.67619 18.15302
9.55935532334414 0.655171926621483 21.43671 19.68757 18.9144 18.61743 18.47317
9.84618617411354 0.707298664154145 19.56552 18.31893 17.836 17.68483 17.57924
9.88809054790249 0.969337697512548 22.42654 20.02165 18.57143 17.39709 16.76714
9.61924345281028 0.590277363210583 23.64121 21.42297 19.93241 18.53328 17.78724
9.92082375134893 0.632773875272374 22.62434 21.47204 20.49079 19.76299 19.45598
9.63290114846416 0.560376747371418 19.89342 18.9422 18.73994 18.64886 18.63294
9.94903159686248 0.655353703734022 18.54095 17.49972 17.01557 16.79095 16.65011
9.65258732208747 1.09757591042886 23.44919 22.61833 21.00528 19.85449 19.30607
9.76435084004817 0.859349709442115 24.26737 21.29369 19.84133 18.43093 17.69222
9.77266646565658 0.563589646028748 17.54729 15.89501 15.3574 15.03784 14.92706
9.5365059225866 0.731601465431594 19.00417 16.97023 16.17134 15.87208 15.7067
9.88163325102033 1.21095809001335 21.85912 21.96492 20.79388 19.75881 19.28958
9.74889581804325 0.749735065885088 20.64576 19.32789 18.78396 18.61043 18.47219
9.64865285608894 0.775730495689822 23.35852 21.68303 20.2016 19.39433 18.97281
9.87540542081405 0.64870610213938 19.85129 18.60656 18.10283 17.88347 17.74523
10.0096989686264 1.0707815904072 19.86823 18.39088 17.75916 17.46209 17.29773
9.94905597231832 0.984619272730079 21.91128 19.45247 18.18155 17.60451 17.27151
10.1084626739404 0.828869155559333 18.67145 17.67015 17.29236 17.11685 17.06372
9.64847692511984 1.21167491271403 21.62171 19.25178 17.99436 17.44424 17.12328
9.85066956059887 0.902047715022922 20.39434 20.17109 18.67959 17.99054 17.88753
9.80789330873927 1.02634937729178 21.05343 18.49387 17.2051 16.80998 16.51747
9.77385898024315 0.835512063032382 18.65523 17.42094 17.56361 17.66878 17.70598
9.98078987841433 0.791165280712195 23.53663 20.90667 19.47915 18.85036 18.47926
10.114927789582 1.12530691620381 23.22087 20.24971 18.65927 18.07564 17.681
9.95161705759813 0.58606301733754 19.88308 17.39731 15.98813 15.31648 14.93451
9.62064052573774 0.709606988239801 21.00717 19.17482 17.83002 17.24285 16.82177
9.70483089489574 0.839292365862367 19.92831 18.00055 17.01088 16.62713 16.26528
9.73318198593881 0.608359952283309 22.39288 19.58252 18.25809 17.569 17.1745
10.0287332193781 0.68314414958894 18.396 17.01822 16.45254 16.1038 15.83069
9.4969901978601 0.864685000170144 23.33862 21.70997 20.2033 19.30221 18.86911
9.81178191861437 0.735573399530212 22.57582 20.18586 18.5542 17.99882 17.60588
9.80888941177292 0.638243560765485 25.01322 22.47202 20.93969 19.85895 19.38248
9.53801098437793 1.15294876120838 20.73865 18.29902 16.98548 16.34359 15.95823
10.0417072851658 0.842949579911775 19.39841 18.17153 17.68968 17.53281 17.36957
9.8205988994294 1.02348758957176 22.27938 21.08854 19.9043 19.63371 19.26282
9.57823825335572 1.15653879064692 23.27756 21.68234 19.79009 19.08574 18.81381
9.48670915048399 0.571826269038877 21.13503 18.74691 17.70181 17.31668 17.06494
9.75386013612524 1.01114896209761 19.25909 18.23112 17.91985 17.72617 17.80456
10.1380510783921 0.690609442285787 18.84483 16.22599 14.87999 14.25683 13.91222
9.73062996800786 0.992435475189373 19.05092 17.97279 17.63397 17.45639 17.41237
9.82025119514572 0.909223817840495 22.01818 19.7347 18.72347 18.35252 18.18527
9.6352728544185 0.80500729026362 17.05674 15.96985 15.60978 15.48904 15.44075
9.80612471091564 0.858870594088708 19.54779 18.19436 24.80204 24.36181 22.82691
9.73665480167966 1.11412995848165 20.17693 19.08465 18.0169 16.75599 16.453
9.74348681160944 0.946101669993693 22.54532 21.78654 21.46263 21.18299 20.94276
10.1351943348614 0.775426223434005 21.2448 19.12252 17.80183 17.26942 16.91225
9.56467576775617 0.932463126216377 23.3143 20.95918 19.12579 18.51706 18.13118
9.68291594319351 1.05318298364375 20.18044 18.38214 17.51289 17.12148 16.81351
9.65501694768901 0.772947130173325 22.20218 19.96945 18.59757 17.89009 17.43616
9.70269473702717 0.65961033969692 20.72322 18.18918 16.78327 16.05129 15.65086
9.72727455718609 0.617997750770217 26.39578 22.44549 20.93288 19.74808 19.10191
10.0728202524329 0.847270434054942 20.17132 17.67272 16.47321 16.01089 15.78566
9.55129358143844 0.8334740334541 23.16376 21.07361 19.3755 18.78816 18.41924
9.7368152990127 0.741183422692326 22.75452 21.34573 20.50019 20.30253 20.09605
10.0168148341098 0.880315587697162 21.33956 18.69087 17.19399 15.98047 15.34842
9.89587301734792 1.0296843077811 22.06616 21.71018 21.74136 21.77509 21.33977
9.65026405244271 0.704755166620321 20.16285 19.40538 18.70169 18.5045 18.17598
10.0996168157019 0.659559705320724 23.0604 21.21743 19.3818 18.72964 18.36908
9.73610125611049 1.02968858151937 23.07852 20.98164 19.61219 18.61106 18.04796
9.95686024457655 1.15178092287401 20.17419 18.68826 17.92494 17.58311 17.3151
10.0662646793935 0.598270208718048 22.17397 19.87292 18.66196 18.19376 17.8308
10.1199706750663 0.745189086135523 23.59859 21.06365 19.89768 19.43336 19.06453
9.79433114420422 0.767888854764625 20.01999 17.53847 16.08993 15.00174 14.42026
9.99106096713709 0.639995693530671 19.95124 18.59905 17.81562 17.41975 17.1164
9.6975453477649 0.710718607706786 22.85027 21.88052 20.22797 18.13895 16.99145
9.54945950216722 1.09214428020304 19.49814 18.32038 18.46581 18.57499 18.60771
9.86774872671197 0.86341583908299 19.70798 18.61717 18.17136 17.87243 17.68418
9.87672334968863 0.920157303278927 20.71733 18.24777 16.89129 16.05387 15.6155
10.0197603387902 0.894714196456562 25.00395 23.04243 21.85939 19.44947 18.11075
9.51149604861618 0.771680075957743 20.01444 19.19013 18.89122 18.60928 18.41371
10.1494930726228 0.863407223678946 22.77547 20.00966 18.54422 17.67901 17.22931
9.99598169424664 0.6800681698203 20.08357 17.37006 16.1537 15.66973 15.373
10.0178113422437 0.663568617260795 23.07802 21.94675 20.22082 19.16396 18.6394
9.61902334567515 0.573420171591954 22.68919 21.59723 20.61812 19.84894 19.4082
9.98289589103072 0.828173647873068 17.57576 16.40284 15.99398 15.84826 15.80337
9.81396735807618 1.07380008389376 22.42185 21.83237 21.5233 21.65854 22.50206
9.92450427008492 0.96474911896837 20.88001 18.17424 16.75394 15.76061 15.25564
9.56566152051056 0.689286609913876 20.74673 18.47216 17.46087 17.0529 16.8133
9.79963390205882 0.863969479176525 30.63567 16.55926 15.60212 15.30208 15.59649
9.50735305905243 1.17351866436464 19.60593 18.42455 17.97488 17.83895 17.74746
9.51193458596043 0.83717629113186 22.05729 19.79655 18.25241 17.52401 17.07819
9.84209912483652 0.591647361160529 17.53105 16.08609 15.77282 15.43753 15.38273
9.96058094193592 1.09853738590981 22.89306 20.91076 19.48685 18.88035 18.52977
